/mnt/nfs/work/oo12374/JSP/debug/RL-scheduling/DJSP_RL-Env/args.json
Deterministic
/mnt/nfs/work/oo12374/JSP/debug/RL-scheduling/DJSP_RL-Env/args.json
load basic rules
./test_instance/Case13/validate_1.json
schedule
job_id: 5,	machine_id: 2,	op_id: 0,	op.startTime: 0,	op.RPT: 10.473
self.TimeStamp: [0, 0, 0, 0, 0, 0, 0, 0, 0, 10.473, 38.669, 76.44, 178.197, 189.954, 193.354, 197.561, 249.852, 274.968, 306.543, 361.277, 370.121, 428.523, 433.857, 470.953, 493.848, 503.515, 517.745, 517.823, 535.521, 546.048, 555.843, 585.803, 594.712, 598.335, 605.366, 608.135, 649.207, 651.951, 721.029, 751.889, 775.56, 789.189, 797.167, 828.52, 839.726, 855.458, 858.826, 887.309, 918.586, 920.1]

job_id: 9,	machine_id: 1,	op_id: 0,	op.startTime: 0,	op.RPT: 27.722
self.TimeStamp: [0, 0, 0, 0, 0, 0, 0, 0, 10.473, 27.722, 38.669, 76.44, 178.197, 189.954, 193.354, 197.561, 249.852, 274.968, 306.543, 361.277, 370.121, 428.523, 433.857, 470.953, 493.848, 503.515, 517.745, 517.823, 535.521, 546.048, 555.843, 585.803, 594.712, 598.335, 605.366, 608.135, 649.207, 651.951, 721.029, 751.889, 775.56, 789.189, 797.167, 828.52, 839.726, 855.458, 858.826, 887.309, 918.586, 920.1]

job_id: 0,	machine_id: 3,	op_id: 0,	op.startTime: 0,	op.RPT: 10.461
self.TimeStamp: [0, 0, 0, 0, 0, 0, 0, 10.461, 10.473, 27.722, 38.669, 76.44, 178.197, 189.954, 193.354, 197.561, 249.852, 274.968, 306.543, 361.277, 370.121, 428.523, 433.857, 470.953, 493.848, 503.515, 517.745, 517.823, 535.521, 546.048, 555.843, 585.803, 594.712, 598.335, 605.366, 608.135, 649.207, 651.951, 721.029, 751.889, 775.56, 789.189, 797.167, 828.52, 839.726, 855.458, 858.826, 887.309, 918.586, 920.1]

job_id: 1,	machine_id: 0,	op_id: 0,	op.startTime: 0,	op.RPT: 13.828
self.TimeStamp: [0, 0, 0, 0, 0, 0, 10.461, 10.473, 13.828, 27.722, 38.669, 76.44, 178.197, 189.954, 193.354, 197.561, 249.852, 274.968, 306.543, 361.277, 370.121, 428.523, 433.857, 470.953, 493.848, 503.515, 517.745, 517.823, 535.521, 546.048, 555.843, 585.803, 594.712, 598.335, 605.366, 608.135, 649.207, 651.951, 721.029, 751.889, 775.56, 789.189, 797.167, 828.52, 839.726, 855.458, 858.826, 887.309, 918.586, 920.1]

job_id: 3,	machine_id: 4,	op_id: 0,	op.startTime: 0,	op.RPT: 46.449
self.TimeStamp: [0, 0, 0, 0, 0, 10.461, 10.473, 13.828, 27.722, 38.669, 46.449, 76.44, 178.197, 189.954, 193.354, 197.561, 249.852, 274.968, 306.543, 361.277, 370.121, 428.523, 433.857, 470.953, 493.848, 503.515, 517.745, 517.823, 535.521, 546.048, 555.843, 585.803, 594.712, 598.335, 605.366, 608.135, 649.207, 651.951, 721.029, 751.889, 775.56, 789.189, 797.167, 828.52, 839.726, 855.458, 858.826, 887.309, 918.586, 920.1]

job_id: 2,	machine_id: 3,	op_id: 0,	op.startTime: 10.461,	op.RPT: 10.461
self.TimeStamp: [10.473, 13.828, 20.921, 27.722, 38.669, 46.449, 76.44, 178.197, 189.954, 193.354, 197.561, 249.852, 274.968, 306.543, 361.277, 370.121, 428.523, 433.857, 470.953, 493.848, 503.515, 517.745, 517.823, 535.521, 546.048, 555.843, 585.803, 594.712, 598.335, 605.366, 608.135, 649.207, 651.951, 721.029, 751.889, 775.56, 789.189, 797.167, 828.52, 839.726, 855.458, 858.826, 887.309, 918.586, 920.1]

job_id: 6,	machine_id: 2,	op_id: 0,	op.startTime: 10.473,	op.RPT: 10.473
self.TimeStamp: [13.828, 20.921, 20.945, 27.722, 38.669, 46.449, 76.44, 178.197, 189.954, 193.354, 197.561, 249.852, 274.968, 306.543, 361.277, 370.121, 428.523, 433.857, 470.953, 493.848, 503.515, 517.745, 517.823, 535.521, 546.048, 555.843, 585.803, 594.712, 598.335, 605.366, 608.135, 649.207, 651.951, 721.029, 751.889, 775.56, 789.189, 797.167, 828.52, 839.726, 855.458, 858.826, 887.309, 918.586, 920.1]

job_id: 4,	machine_id: 0,	op_id: 0,	op.startTime: 13.828,	op.RPT: 35.391
self.TimeStamp: [20.921, 20.945, 27.722, 38.669, 46.449, 49.219, 76.44, 178.197, 189.954, 193.354, 197.561, 249.852, 274.968, 306.543, 361.277, 370.121, 428.523, 433.857, 470.953, 493.848, 503.515, 517.745, 517.823, 535.521, 546.048, 555.843, 585.803, 594.712, 598.335, 605.366, 608.135, 649.207, 651.951, 721.029, 751.889, 775.56, 789.189, 797.167, 828.52, 839.726, 855.458, 858.826, 887.309, 918.586, 920.1]

job_id: 5,	machine_id: 3,	op_id: 1,	op.startTime: 20.921,	op.RPT: 29.11
self.TimeStamp: [20.945, 27.722, 38.669, 46.449, 49.219, 50.031, 76.44, 178.197, 189.954, 193.354, 197.561, 249.852, 274.968, 306.543, 361.277, 370.121, 428.523, 433.857, 470.953, 493.848, 503.515, 517.745, 517.823, 535.521, 546.048, 555.843, 585.803, 594.712, 598.335, 605.366, 608.135, 649.207, 651.951, 721.029, 751.889, 775.56, 789.189, 797.167, 828.52, 839.726, 855.458, 858.826, 887.309, 918.586, 920.1]

job_id: 7,	machine_id: 2,	op_id: 0,	op.startTime: 20.945,	op.RPT: 10.473
self.TimeStamp: [27.722, 31.418, 38.669, 46.449, 49.219, 50.031, 76.44, 178.197, 189.954, 193.354, 197.561, 249.852, 274.968, 306.543, 361.277, 370.121, 428.523, 433.857, 470.953, 493.848, 503.515, 517.745, 517.823, 535.521, 546.048, 555.843, 585.803, 594.712, 598.335, 605.366, 608.135, 649.207, 651.951, 721.029, 751.889, 775.56, 789.189, 797.167, 828.52, 839.726, 855.458, 858.826, 887.309, 918.586, 920.1]

job_id: 0,	machine_id: 1,	op_id: 1,	op.startTime: 27.722,	op.RPT: 35.516
self.TimeStamp: [31.418, 38.669, 46.449, 49.219, 50.031, 63.237, 76.44, 178.197, 189.954, 193.354, 197.561, 249.852, 274.968, 306.543, 361.277, 370.121, 428.523, 433.857, 470.953, 493.848, 503.515, 517.745, 517.823, 535.521, 546.048, 555.843, 585.803, 594.712, 598.335, 605.366, 608.135, 649.207, 651.951, 721.029, 751.889, 775.56, 789.189, 797.167, 828.52, 839.726, 855.458, 858.826, 887.309, 918.586, 920.1]

job_id: 8,	machine_id: 2,	op_id: 0,	op.startTime: 31.418,	op.RPT: 10.473
self.TimeStamp: [38.669, 41.89, 46.449, 49.219, 50.031, 63.237, 76.44, 178.197, 189.954, 193.354, 197.561, 249.852, 274.968, 306.543, 361.277, 370.121, 428.523, 433.857, 470.953, 493.848, 503.515, 517.745, 517.823, 535.521, 546.048, 555.843, 585.803, 594.712, 598.335, 605.366, 608.135, 649.207, 651.951, 721.029, 751.889, 775.56, 789.189, 797.167, 828.52, 839.726, 855.458, 858.826, 887.309, 918.586, 920.1]

job_id: 6,	machine_id: 2,	op_id: 1,	op.startTime: 41.89,	op.RPT: 39.869
self.TimeStamp: [46.449, 49.219, 50.031, 63.237, 76.44, 81.759, 178.197, 189.954, 193.354, 197.561, 249.852, 274.968, 306.543, 361.277, 370.121, 428.523, 433.857, 470.953, 493.848, 503.515, 517.745, 517.823, 535.521, 546.048, 555.843, 585.803, 594.712, 598.335, 605.366, 608.135, 649.207, 651.951, 721.029, 751.889, 775.56, 789.189, 797.167, 828.52, 839.726, 855.458, 858.826, 887.309, 918.586, 920.1]

job_id: 10,	machine_id: 4,	op_id: 0,	op.startTime: 46.449,	op.RPT: 47.834
self.TimeStamp: [49.219, 50.031, 63.237, 76.44, 81.759, 94.283, 178.197, 189.954, 193.354, 197.561, 249.852, 274.968, 306.543, 361.277, 370.121, 428.523, 433.857, 470.953, 493.848, 503.515, 517.745, 517.823, 535.521, 546.048, 555.843, 585.803, 594.712, 598.335, 605.366, 608.135, 649.207, 651.951, 721.029, 751.889, 775.56, 789.189, 797.167, 828.52, 839.726, 855.458, 858.826, 887.309, 918.586, 920.1]

job_id: 1,	machine_id: 3,	op_id: 1,	op.startTime: 50.031,	op.RPT: 38.982
self.TimeStamp: [63.237, 76.44, 81.759, 89.013, 94.283, 178.197, 189.954, 193.354, 197.561, 249.852, 274.968, 306.543, 361.277, 370.121, 428.523, 433.857, 470.953, 493.848, 503.515, 517.745, 517.823, 535.521, 546.048, 555.843, 585.803, 594.712, 598.335, 605.366, 608.135, 649.207, 651.951, 721.029, 751.889, 775.56, 789.189, 797.167, 828.52, 839.726, 855.458, 858.826, 887.309, 918.586, 920.1]

job_id: 2,	machine_id: 1,	op_id: 1,	op.startTime: 63.237,	op.RPT: 35.516
self.TimeStamp: [76.44, 81.759, 89.013, 94.283, 98.753, 178.197, 189.954, 193.354, 197.561, 249.852, 274.968, 306.543, 361.277, 370.121, 428.523, 433.857, 470.953, 493.848, 503.515, 517.745, 517.823, 535.521, 546.048, 555.843, 585.803, 594.712, 598.335, 605.366, 608.135, 649.207, 651.951, 721.029, 751.889, 775.56, 789.189, 797.167, 828.52, 839.726, 855.458, 858.826, 887.309, 918.586, 920.1]

job_id: 11,	machine_id: 0,	op_id: 0,	op.startTime: 76.44,	op.RPT: 13.828
self.TimeStamp: [81.759, 89.013, 90.268, 94.283, 98.753, 178.197, 189.954, 193.354, 197.561, 249.852, 274.968, 306.543, 361.277, 370.121, 428.523, 433.857, 470.953, 493.848, 503.515, 517.745, 517.823, 535.521, 546.048, 555.843, 585.803, 594.712, 598.335, 605.366, 608.135, 649.207, 651.951, 721.029, 751.889, 775.56, 789.189, 797.167, 828.52, 839.726, 855.458, 858.826, 887.309, 918.586, 920.1]

job_id: 9,	machine_id: 2,	op_id: 1,	op.startTime: 81.759,	op.RPT: 29.602
self.TimeStamp: [89.013, 90.268, 94.283, 98.753, 111.361, 178.197, 189.954, 193.354, 197.561, 249.852, 274.968, 306.543, 361.277, 370.121, 428.523, 433.857, 470.953, 493.848, 503.515, 517.745, 517.823, 535.521, 546.048, 555.843, 585.803, 594.712, 598.335, 605.366, 608.135, 649.207, 651.951, 721.029, 751.889, 775.56, 789.189, 797.167, 828.52, 839.726, 855.458, 858.826, 887.309, 918.586, 920.1]

job_id: 7,	machine_id: 3,	op_id: 1,	op.startTime: 89.013,	op.RPT: 29.11
self.TimeStamp: [90.268, 94.283, 98.753, 111.361, 118.123, 178.197, 189.954, 193.354, 197.561, 249.852, 274.968, 306.543, 361.277, 370.121, 428.523, 433.857, 470.953, 493.848, 503.515, 517.745, 517.823, 535.521, 546.048, 555.843, 585.803, 594.712, 598.335, 605.366, 608.135, 649.207, 651.951, 721.029, 751.889, 775.56, 789.189, 797.167, 828.52, 839.726, 855.458, 858.826, 887.309, 918.586, 920.1]

job_id: 3,	machine_id: 4,	op_id: 1,	op.startTime: 94.283,	op.RPT: 46.237
self.TimeStamp: [98.753, 111.361, 118.123, 140.52, 178.197, 189.954, 193.354, 197.561, 249.852, 274.968, 306.543, 361.277, 370.121, 428.523, 433.857, 470.953, 493.848, 503.515, 517.745, 517.823, 535.521, 546.048, 555.843, 585.803, 594.712, 598.335, 605.366, 608.135, 649.207, 651.951, 721.029, 751.889, 775.56, 789.189, 797.167, 828.52, 839.726, 855.458, 858.826, 887.309, 918.586, 920.1]

job_id: 5,	machine_id: 1,	op_id: 2,	op.startTime: 98.753,	op.RPT: 10.552
self.TimeStamp: [109.305, 111.361, 118.123, 140.52, 178.197, 189.954, 193.354, 197.561, 249.852, 274.968, 306.543, 361.277, 370.121, 428.523, 433.857, 470.953, 493.848, 503.515, 517.745, 517.823, 535.521, 546.048, 555.843, 585.803, 594.712, 598.335, 605.366, 608.135, 649.207, 651.951, 721.029, 751.889, 775.56, 789.189, 797.167, 828.52, 839.726, 855.458, 858.826, 887.309, 918.586, 920.1]

job_id: 4,	machine_id: 1,	op_id: 1,	op.startTime: 109.305,	op.RPT: 15.118
self.TimeStamp: [111.361, 118.123, 124.424, 140.52, 178.197, 189.954, 193.354, 197.561, 249.852, 274.968, 306.543, 361.277, 370.121, 428.523, 433.857, 470.953, 493.848, 503.515, 517.745, 517.823, 535.521, 546.048, 555.843, 585.803, 594.712, 598.335, 605.366, 608.135, 649.207, 651.951, 721.029, 751.889, 775.56, 789.189, 797.167, 828.52, 839.726, 855.458, 858.826, 887.309, 918.586, 920.1]

job_id: 8,	machine_id: 2,	op_id: 1,	op.startTime: 111.361,	op.RPT: 39.869
self.TimeStamp: [118.123, 124.424, 140.52, 151.23, 178.197, 189.954, 193.354, 197.561, 249.852, 274.968, 306.543, 361.277, 370.121, 428.523, 433.857, 470.953, 493.848, 503.515, 517.745, 517.823, 535.521, 546.048, 555.843, 585.803, 594.712, 598.335, 605.366, 608.135, 649.207, 651.951, 721.029, 751.889, 775.56, 789.189, 797.167, 828.52, 839.726, 855.458, 858.826, 887.309, 918.586, 920.1]

job_id: 10,	machine_id: 0,	op_id: 1,	op.startTime: 118.123,	op.RPT: 41.756
self.TimeStamp: [124.424, 140.52, 151.23, 159.88, 178.197, 189.954, 193.354, 197.561, 249.852, 274.968, 306.543, 361.277, 370.121, 428.523, 433.857, 470.953, 493.848, 503.515, 517.745, 517.823, 535.521, 546.048, 555.843, 585.803, 594.712, 598.335, 605.366, 608.135, 649.207, 651.951, 721.029, 751.889, 775.56, 789.189, 797.167, 828.52, 839.726, 855.458, 858.826, 887.309, 918.586, 920.1]

job_id: 6,	machine_id: 1,	op_id: 2,	op.startTime: 124.424,	op.RPT: 10.552
self.TimeStamp: [134.976, 140.52, 151.23, 159.88, 178.197, 189.954, 193.354, 197.561, 249.852, 274.968, 306.543, 361.277, 370.121, 428.523, 433.857, 470.953, 493.848, 503.515, 517.745, 517.823, 535.521, 546.048, 555.843, 585.803, 594.712, 598.335, 605.366, 608.135, 649.207, 651.951, 721.029, 751.889, 775.56, 789.189, 797.167, 828.52, 839.726, 855.458, 858.826, 887.309, 918.586, 920.1]

job_id: 7,	machine_id: 1,	op_id: 2,	op.startTime: 134.976,	op.RPT: 10.552
self.TimeStamp: [140.52, 145.528, 151.23, 159.88, 178.197, 189.954, 193.354, 197.561, 249.852, 274.968, 306.543, 361.277, 370.121, 428.523, 433.857, 470.953, 493.848, 503.515, 517.745, 517.823, 535.521, 546.048, 555.843, 585.803, 594.712, 598.335, 605.366, 608.135, 649.207, 651.951, 721.029, 751.889, 775.56, 789.189, 797.167, 828.52, 839.726, 855.458, 858.826, 887.309, 918.586, 920.1]

job_id: 11,	machine_id: 3,	op_id: 1,	op.startTime: 140.52,	op.RPT: 38.982
self.TimeStamp: [145.528, 151.23, 159.88, 178.197, 179.502, 189.954, 193.354, 197.561, 249.852, 274.968, 306.543, 361.277, 370.121, 428.523, 433.857, 470.953, 493.848, 503.515, 517.745, 517.823, 535.521, 546.048, 555.843, 585.803, 594.712, 598.335, 605.366, 608.135, 649.207, 651.951, 721.029, 751.889, 775.56, 789.189, 797.167, 828.52, 839.726, 855.458, 858.826, 887.309, 918.586, 920.1]

job_id: 8,	machine_id: 4,	op_id: 2,	op.startTime: 151.23,	op.RPT: 13.796
self.TimeStamp: [159.88, 165.026, 178.197, 179.502, 189.954, 193.354, 197.561, 249.852, 274.968, 306.543, 361.277, 370.121, 428.523, 433.857, 470.953, 493.848, 503.515, 517.745, 517.823, 535.521, 546.048, 555.843, 585.803, 594.712, 598.335, 605.366, 608.135, 649.207, 651.951, 721.029, 751.889, 775.56, 789.189, 797.167, 828.52, 839.726, 855.458, 858.826, 887.309, 918.586, 920.1]

job_id: 12,	machine_id: 2,	op_id: 0,	op.startTime: 178.197,	op.RPT: 10.473
self.TimeStamp: [179.502, 188.669, 189.954, 193.354, 197.561, 249.852, 274.968, 306.543, 361.277, 370.121, 428.523, 433.857, 470.953, 493.848, 503.515, 517.745, 517.823, 535.521, 546.048, 555.843, 585.803, 594.712, 598.335, 605.366, 608.135, 649.207, 651.951, 721.029, 751.889, 775.56, 789.189, 797.167, 828.52, 839.726, 855.458, 858.826, 887.309, 918.586, 920.1]

job_id: 12,	machine_id: 1,	op_id: 1,	op.startTime: 188.669,	op.RPT: 32.301
self.TimeStamp: [189.954, 193.354, 197.561, 220.971, 249.852, 274.968, 306.543, 361.277, 370.121, 428.523, 433.857, 470.953, 493.848, 503.515, 517.745, 517.823, 535.521, 546.048, 555.843, 585.803, 594.712, 598.335, 605.366, 608.135, 649.207, 651.951, 721.029, 751.889, 775.56, 789.189, 797.167, 828.52, 839.726, 855.458, 858.826, 887.309, 918.586, 920.1]

job_id: 13,	machine_id: 0,	op_id: 0,	op.startTime: 189.954,	op.RPT: 13.828
self.TimeStamp: [193.354, 197.561, 203.782, 220.971, 249.852, 274.968, 306.543, 361.277, 370.121, 428.523, 433.857, 470.953, 493.848, 503.515, 517.745, 517.823, 535.521, 546.048, 555.843, 585.803, 594.712, 598.335, 605.366, 608.135, 649.207, 651.951, 721.029, 751.889, 775.56, 789.189, 797.167, 828.52, 839.726, 855.458, 858.826, 887.309, 918.586, 920.1]

job_id: 14,	machine_id: 3,	op_id: 0,	op.startTime: 193.354,	op.RPT: 48.536
self.TimeStamp: [197.561, 203.782, 220.971, 241.889, 249.852, 274.968, 306.543, 361.277, 370.121, 428.523, 433.857, 470.953, 493.848, 503.515, 517.745, 517.823, 535.521, 546.048, 555.843, 585.803, 594.712, 598.335, 605.366, 608.135, 649.207, 651.951, 721.029, 751.889, 775.56, 789.189, 797.167, 828.52, 839.726, 855.458, 858.826, 887.309, 918.586, 920.1]

job_id: 15,	machine_id: 0,	op_id: 0,	op.startTime: 203.782,	op.RPT: 13.828
self.TimeStamp: [217.61, 220.971, 241.889, 249.852, 274.968, 306.543, 361.277, 370.121, 428.523, 433.857, 470.953, 493.848, 503.515, 517.745, 517.823, 535.521, 546.048, 555.843, 585.803, 594.712, 598.335, 605.366, 608.135, 649.207, 651.951, 721.029, 751.889, 775.56, 789.189, 797.167, 828.52, 839.726, 855.458, 858.826, 887.309, 918.586, 920.1]

job_id: 13,	machine_id: 1,	op_id: 1,	op.startTime: 220.971,	op.RPT: 35.516
self.TimeStamp: [241.889, 249.852, 256.486, 274.968, 306.543, 361.277, 370.121, 428.523, 433.857, 470.953, 493.848, 503.515, 517.745, 517.823, 535.521, 546.048, 555.843, 585.803, 594.712, 598.335, 605.366, 608.135, 649.207, 651.951, 721.029, 751.889, 775.56, 789.189, 797.167, 828.52, 839.726, 855.458, 858.826, 887.309, 918.586, 920.1]

job_id: 15,	machine_id: 3,	op_id: 1,	op.startTime: 241.889,	op.RPT: 38.982
self.TimeStamp: [249.852, 256.486, 274.968, 280.872, 306.543, 361.277, 370.121, 428.523, 433.857, 470.953, 493.848, 503.515, 517.745, 517.823, 535.521, 546.048, 555.843, 585.803, 594.712, 598.335, 605.366, 608.135, 649.207, 651.951, 721.029, 751.889, 775.56, 789.189, 797.167, 828.52, 839.726, 855.458, 858.826, 887.309, 918.586, 920.1]

job_id: 16,	machine_id: 2,	op_id: 0,	op.startTime: 249.852,	op.RPT: 27.631
self.TimeStamp: [256.486, 274.968, 277.483, 280.872, 306.543, 361.277, 370.121, 428.523, 433.857, 470.953, 493.848, 503.515, 517.745, 517.823, 535.521, 546.048, 555.843, 585.803, 594.712, 598.335, 605.366, 608.135, 649.207, 651.951, 721.029, 751.889, 775.56, 789.189, 797.167, 828.52, 839.726, 855.458, 858.826, 887.309, 918.586, 920.1]

job_id: 14,	machine_id: 1,	op_id: 1,	op.startTime: 256.486,	op.RPT: 20.077
self.TimeStamp: [274.968, 276.563, 277.483, 280.872, 306.543, 361.277, 370.121, 428.523, 433.857, 470.953, 493.848, 503.515, 517.745, 517.823, 535.521, 546.048, 555.843, 585.803, 594.712, 598.335, 605.366, 608.135, 649.207, 651.951, 721.029, 751.889, 775.56, 789.189, 797.167, 828.52, 839.726, 855.458, 858.826, 887.309, 918.586, 920.1]

job_id: 17,	machine_id: 0,	op_id: 0,	op.startTime: 274.968,	op.RPT: 43.655
self.TimeStamp: [276.563, 277.483, 280.872, 306.543, 318.623, 361.277, 370.121, 428.523, 433.857, 470.953, 493.848, 503.515, 517.745, 517.823, 535.521, 546.048, 555.843, 585.803, 594.712, 598.335, 605.366, 608.135, 649.207, 651.951, 721.029, 751.889, 775.56, 789.189, 797.167, 828.52, 839.726, 855.458, 858.826, 887.309, 918.586, 920.1]

job_id: 12,	machine_id: 4,	op_id: 2,	op.startTime: 276.563,	op.RPT: 13.796
self.TimeStamp: [277.483, 280.872, 290.359, 306.543, 318.623, 361.277, 370.121, 428.523, 433.857, 470.953, 493.848, 503.515, 517.745, 517.823, 535.521, 546.048, 555.843, 585.803, 594.712, 598.335, 605.366, 608.135, 649.207, 651.951, 721.029, 751.889, 775.56, 789.189, 797.167, 828.52, 839.726, 855.458, 858.826, 887.309, 918.586, 920.1]

job_id: 16,	machine_id: 1,	op_id: 1,	op.startTime: 277.483,	op.RPT: 20.077
self.TimeStamp: [280.872, 290.359, 297.559, 306.543, 318.623, 361.277, 370.121, 428.523, 433.857, 470.953, 493.848, 503.515, 517.745, 517.823, 535.521, 546.048, 555.843, 585.803, 594.712, 598.335, 605.366, 608.135, 649.207, 651.951, 721.029, 751.889, 775.56, 789.189, 797.167, 828.52, 839.726, 855.458, 858.826, 887.309, 918.586, 920.1]

job_id: 18,	machine_id: 2,	op_id: 0,	op.startTime: 306.543,	op.RPT: 27.631
self.TimeStamp: [318.623, 334.174, 361.277, 370.121, 428.523, 433.857, 470.953, 493.848, 503.515, 517.745, 517.823, 535.521, 546.048, 555.843, 585.803, 594.712, 598.335, 605.366, 608.135, 649.207, 651.951, 721.029, 751.889, 775.56, 789.189, 797.167, 828.52, 839.726, 855.458, 858.826, 887.309, 918.586, 920.1]

job_id: 17,	machine_id: 3,	op_id: 1,	op.startTime: 318.623,	op.RPT: 29.11
self.TimeStamp: [334.174, 347.733, 361.277, 370.121, 428.523, 433.857, 470.953, 493.848, 503.515, 517.745, 517.823, 535.521, 546.048, 555.843, 585.803, 594.712, 598.335, 605.366, 608.135, 649.207, 651.951, 721.029, 751.889, 775.56, 789.189, 797.167, 828.52, 839.726, 855.458, 858.826, 887.309, 918.586, 920.1]

job_id: 18,	machine_id: 1,	op_id: 1,	op.startTime: 334.174,	op.RPT: 20.077
self.TimeStamp: [347.733, 354.25, 361.277, 370.121, 428.523, 433.857, 470.953, 493.848, 503.515, 517.745, 517.823, 535.521, 546.048, 555.843, 585.803, 594.712, 598.335, 605.366, 608.135, 649.207, 651.951, 721.029, 751.889, 775.56, 789.189, 797.167, 828.52, 839.726, 855.458, 858.826, 887.309, 918.586, 920.1]

job_id: 17,	machine_id: 4,	op_id: 2,	op.startTime: 347.733,	op.RPT: 13.796
self.TimeStamp: [354.25, 361.277, 361.529, 370.121, 428.523, 433.857, 470.953, 493.848, 503.515, 517.745, 517.823, 535.521, 546.048, 555.843, 585.803, 594.712, 598.335, 605.366, 608.135, 649.207, 651.951, 721.029, 751.889, 775.56, 789.189, 797.167, 828.52, 839.726, 855.458, 858.826, 887.309, 918.586, 920.1]

job_id: 19,	machine_id: 0,	op_id: 0,	op.startTime: 361.277,	op.RPT: 13.828
self.TimeStamp: [361.529, 370.121, 375.105, 428.523, 433.857, 470.953, 493.848, 503.515, 517.745, 517.823, 535.521, 546.048, 555.843, 585.803, 594.712, 598.335, 605.366, 608.135, 649.207, 651.951, 721.029, 751.889, 775.56, 789.189, 797.167, 828.52, 839.726, 855.458, 858.826, 887.309, 918.586, 920.1]

job_id: 20,	machine_id: 2,	op_id: 0,	op.startTime: 370.121,	op.RPT: 27.631
self.TimeStamp: [375.105, 397.752, 428.523, 433.857, 470.953, 493.848, 503.515, 517.745, 517.823, 535.521, 546.048, 555.843, 585.803, 594.712, 598.335, 605.366, 608.135, 649.207, 651.951, 721.029, 751.889, 775.56, 789.189, 797.167, 828.52, 839.726, 855.458, 858.826, 887.309, 918.586, 920.1]

job_id: 19,	machine_id: 3,	op_id: 1,	op.startTime: 375.105,	op.RPT: 38.982
self.TimeStamp: [397.752, 414.087, 428.523, 433.857, 470.953, 493.848, 503.515, 517.745, 517.823, 535.521, 546.048, 555.843, 585.803, 594.712, 598.335, 605.366, 608.135, 649.207, 651.951, 721.029, 751.889, 775.56, 789.189, 797.167, 828.52, 839.726, 855.458, 858.826, 887.309, 918.586, 920.1]

job_id: 20,	machine_id: 1,	op_id: 1,	op.startTime: 397.752,	op.RPT: 20.077
self.TimeStamp: [414.087, 417.829, 428.523, 433.857, 470.953, 493.848, 503.515, 517.745, 517.823, 535.521, 546.048, 555.843, 585.803, 594.712, 598.335, 605.366, 608.135, 649.207, 651.951, 721.029, 751.889, 775.56, 789.189, 797.167, 828.52, 839.726, 855.458, 858.826, 887.309, 918.586, 920.1]

job_id: 21,	machine_id: 2,	op_id: 0,	op.startTime: 428.523,	op.RPT: 27.631
self.TimeStamp: [433.857, 456.153, 470.953, 493.848, 503.515, 517.745, 517.823, 535.521, 546.048, 555.843, 585.803, 594.712, 598.335, 605.366, 608.135, 649.207, 651.951, 721.029, 751.889, 775.56, 789.189, 797.167, 828.52, 839.726, 855.458, 858.826, 887.309, 918.586, 920.1]

job_id: 22,	machine_id: 3,	op_id: 0,	op.startTime: 433.857,	op.RPT: 48.536
self.TimeStamp: [456.153, 470.953, 482.393, 493.848, 503.515, 517.745, 517.823, 535.521, 546.048, 555.843, 585.803, 594.712, 598.335, 605.366, 608.135, 649.207, 651.951, 721.029, 751.889, 775.56, 789.189, 797.167, 828.52, 839.726, 855.458, 858.826, 887.309, 918.586, 920.1]

job_id: 21,	machine_id: 1,	op_id: 1,	op.startTime: 456.153,	op.RPT: 20.077
self.TimeStamp: [470.953, 476.23, 482.393, 493.848, 503.515, 517.745, 517.823, 535.521, 546.048, 555.843, 585.803, 594.712, 598.335, 605.366, 608.135, 649.207, 651.951, 721.029, 751.889, 775.56, 789.189, 797.167, 828.52, 839.726, 855.458, 858.826, 887.309, 918.586, 920.1]

job_id: 23,	machine_id: 4,	op_id: 0,	op.startTime: 470.953,	op.RPT: 47.834
self.TimeStamp: [476.23, 482.393, 493.848, 503.515, 517.745, 517.823, 518.786, 535.521, 546.048, 555.843, 585.803, 594.712, 598.335, 605.366, 608.135, 649.207, 651.951, 721.029, 751.889, 775.56, 789.189, 797.167, 828.52, 839.726, 855.458, 858.826, 887.309, 918.586, 920.1]

job_id: 22,	machine_id: 2,	op_id: 1,	op.startTime: 482.393,	op.RPT: 29.602
self.TimeStamp: [493.848, 503.515, 511.995, 517.745, 517.823, 518.786, 535.521, 546.048, 555.843, 585.803, 594.712, 598.335, 605.366, 608.135, 649.207, 651.951, 721.029, 751.889, 775.56, 789.189, 797.167, 828.52, 839.726, 855.458, 858.826, 887.309, 918.586, 920.1]

job_id: 24,	machine_id: 0,	op_id: 0,	op.startTime: 493.848,	op.RPT: 13.828
self.TimeStamp: [503.515, 507.676, 511.995, 517.745, 517.823, 518.786, 535.521, 546.048, 555.843, 585.803, 594.712, 598.335, 605.366, 608.135, 649.207, 651.951, 721.029, 751.889, 775.56, 789.189, 797.167, 828.52, 839.726, 855.458, 858.826, 887.309, 918.586, 920.1]

job_id: 25,	machine_id: 0,	op_id: 0,	op.startTime: 507.676,	op.RPT: 35.391
self.TimeStamp: [511.995, 517.745, 517.823, 518.786, 535.521, 543.067, 546.048, 555.843, 585.803, 594.712, 598.335, 605.366, 608.135, 649.207, 651.951, 721.029, 751.889, 775.56, 789.189, 797.167, 828.52, 839.726, 855.458, 858.826, 887.309, 918.586, 920.1]

job_id: 24,	machine_id: 1,	op_id: 1,	op.startTime: 511.995,	op.RPT: 35.516
self.TimeStamp: [517.745, 517.823, 518.786, 535.521, 543.067, 546.048, 547.511, 555.843, 585.803, 594.712, 598.335, 605.366, 608.135, 649.207, 651.951, 721.029, 751.889, 775.56, 789.189, 797.167, 828.52, 839.726, 855.458, 858.826, 887.309, 918.586, 920.1]

job_id: 26,	machine_id: 3,	op_id: 0,	op.startTime: 517.745,	op.RPT: 16.443
self.TimeStamp: [517.823, 518.786, 534.188, 535.521, 543.067, 546.048, 547.511, 555.843, 585.803, 594.712, 598.335, 605.366, 608.135, 649.207, 651.951, 721.029, 751.889, 775.56, 789.189, 797.167, 828.52, 839.726, 855.458, 858.826, 887.309, 918.586, 920.1]

job_id: 23,	machine_id: 4,	op_id: 1,	op.startTime: 518.786,	op.RPT: 41.446
self.TimeStamp: [534.188, 535.521, 543.067, 546.048, 547.511, 555.843, 560.233, 585.803, 594.712, 598.335, 605.366, 608.135, 649.207, 651.951, 721.029, 751.889, 775.56, 789.189, 797.167, 828.52, 839.726, 855.458, 858.826, 887.309, 918.586, 920.1]

job_id: 27,	machine_id: 3,	op_id: 0,	op.startTime: 534.188,	op.RPT: 10.461
self.TimeStamp: [535.521, 543.067, 544.648, 546.048, 547.511, 555.843, 560.233, 585.803, 594.712, 598.335, 605.366, 608.135, 649.207, 651.951, 721.029, 751.889, 775.56, 789.189, 797.167, 828.52, 839.726, 855.458, 858.826, 887.309, 918.586, 920.1]

job_id: 28,	machine_id: 0,	op_id: 0,	op.startTime: 543.067,	op.RPT: 35.391
self.TimeStamp: [544.648, 546.048, 547.511, 555.843, 560.233, 578.457, 585.803, 594.712, 598.335, 605.366, 608.135, 649.207, 651.951, 721.029, 751.889, 775.56, 789.189, 797.167, 828.52, 839.726, 855.458, 858.826, 887.309, 918.586, 920.1]

job_id: 26,	machine_id: 3,	op_id: 1,	op.startTime: 544.648,	op.RPT: 21.61
self.TimeStamp: [546.048, 547.511, 555.843, 560.233, 566.258, 578.457, 585.803, 594.712, 598.335, 605.366, 608.135, 649.207, 651.951, 721.029, 751.889, 775.56, 789.189, 797.167, 828.52, 839.726, 855.458, 858.826, 887.309, 918.586, 920.1]

job_id: 29,	machine_id: 1,	op_id: 0,	op.startTime: 547.511,	op.RPT: 35.144
self.TimeStamp: [555.843, 560.233, 566.258, 578.457, 582.655, 585.803, 594.712, 598.335, 605.366, 608.135, 649.207, 651.951, 721.029, 751.889, 775.56, 789.189, 797.167, 828.52, 839.726, 855.458, 858.826, 887.309, 918.586, 920.1]

job_id: 30,	machine_id: 4,	op_id: 0,	op.startTime: 560.233,	op.RPT: 46.449
self.TimeStamp: [566.258, 578.457, 582.655, 585.803, 594.712, 598.335, 605.366, 606.682, 608.135, 649.207, 651.951, 721.029, 751.889, 775.56, 789.189, 797.167, 828.52, 839.726, 855.458, 858.826, 887.309, 918.586, 920.1]

job_id: 27,	machine_id: 3,	op_id: 1,	op.startTime: 566.258,	op.RPT: 38.982
self.TimeStamp: [578.457, 582.655, 585.803, 594.712, 598.335, 605.241, 605.366, 606.682, 608.135, 649.207, 651.951, 721.029, 751.889, 775.56, 789.189, 797.167, 828.52, 839.726, 855.458, 858.826, 887.309, 918.586, 920.1]

job_id: 29,	machine_id: 1,	op_id: 1,	op.startTime: 582.655,	op.RPT: 35.516
self.TimeStamp: [585.803, 594.712, 598.335, 605.241, 605.366, 606.682, 608.135, 618.171, 649.207, 651.951, 721.029, 751.889, 775.56, 789.189, 797.167, 828.52, 839.726, 855.458, 858.826, 887.309, 918.586, 920.1]

job_id: 31,	machine_id: 0,	op_id: 0,	op.startTime: 585.803,	op.RPT: 13.828
self.TimeStamp: [594.712, 598.335, 599.631, 605.241, 605.366, 606.682, 608.135, 618.171, 649.207, 651.951, 721.029, 751.889, 775.56, 789.189, 797.167, 828.52, 839.726, 855.458, 858.826, 887.309, 918.586, 920.1]

job_id: 33,	machine_id: 2,	op_id: 0,	op.startTime: 598.335,	op.RPT: 27.631
self.TimeStamp: [599.631, 605.241, 605.366, 606.682, 608.135, 618.171, 625.966, 649.207, 651.951, 721.029, 751.889, 775.56, 789.189, 797.167, 828.52, 839.726, 855.458, 858.826, 887.309, 918.586, 920.1]

job_id: 32,	machine_id: 0,	op_id: 0,	op.startTime: 599.631,	op.RPT: 35.391
self.TimeStamp: [605.241, 605.366, 606.682, 608.135, 618.171, 625.966, 635.022, 649.207, 651.951, 721.029, 751.889, 775.56, 789.189, 797.167, 828.52, 839.726, 855.458, 858.826, 887.309, 918.586, 920.1]

job_id: 31,	machine_id: 3,	op_id: 1,	op.startTime: 605.241,	op.RPT: 38.982
self.TimeStamp: [605.366, 606.682, 608.135, 618.171, 625.966, 635.022, 644.223, 649.207, 651.951, 721.029, 751.889, 775.56, 789.189, 797.167, 828.52, 839.726, 855.458, 858.826, 887.309, 918.586, 920.1]

job_id: 25,	machine_id: 4,	op_id: 1,	op.startTime: 606.682,	op.RPT: 46.237
self.TimeStamp: [608.135, 618.171, 625.966, 635.022, 644.223, 649.207, 651.951, 652.919, 721.029, 751.889, 775.56, 789.189, 797.167, 828.52, 839.726, 855.458, 858.826, 887.309, 918.586, 920.1]

job_id: 28,	machine_id: 1,	op_id: 1,	op.startTime: 618.171,	op.RPT: 15.118
self.TimeStamp: [625.966, 633.289, 635.022, 644.223, 649.207, 651.951, 652.919, 721.029, 751.889, 775.56, 789.189, 797.167, 828.52, 839.726, 855.458, 858.826, 887.309, 918.586, 920.1]

job_id: 34,	machine_id: 2,	op_id: 0,	op.startTime: 625.966,	op.RPT: 10.473
self.TimeStamp: [633.289, 635.022, 636.438, 644.223, 649.207, 651.951, 652.919, 721.029, 751.889, 775.56, 789.189, 797.167, 828.52, 839.726, 855.458, 858.826, 887.309, 918.586, 920.1]

job_id: 30,	machine_id: 1,	op_id: 1,	op.startTime: 633.289,	op.RPT: 15.118
self.TimeStamp: [635.022, 636.438, 644.223, 648.408, 649.207, 651.951, 652.919, 721.029, 751.889, 775.56, 789.189, 797.167, 828.52, 839.726, 855.458, 858.826, 887.309, 918.586, 920.1]

job_id: 35,	machine_id: 0,	op_id: 0,	op.startTime: 635.022,	op.RPT: 43.655
self.TimeStamp: [636.438, 644.223, 648.408, 649.207, 651.951, 652.919, 678.676, 721.029, 751.889, 775.56, 789.189, 797.167, 828.52, 839.726, 855.458, 858.826, 887.309, 918.586, 920.1]

job_id: 34,	machine_id: 2,	op_id: 1,	op.startTime: 636.438,	op.RPT: 39.869
self.TimeStamp: [644.223, 648.408, 649.207, 651.951, 652.919, 676.307, 678.676, 721.029, 751.889, 775.56, 789.189, 797.167, 828.52, 839.726, 855.458, 858.826, 887.309, 918.586, 920.1]

job_id: 32,	machine_id: 1,	op_id: 1,	op.startTime: 648.408,	op.RPT: 15.118
self.TimeStamp: [649.207, 651.951, 652.919, 663.526, 676.307, 678.676, 721.029, 751.889, 775.56, 789.189, 797.167, 828.52, 839.726, 855.458, 858.826, 887.309, 918.586, 920.1]

job_id: 36,	machine_id: 3,	op_id: 0,	op.startTime: 649.207,	op.RPT: 10.461
self.TimeStamp: [651.951, 652.919, 659.667, 663.526, 676.307, 678.676, 721.029, 751.889, 775.56, 789.189, 797.167, 828.52, 839.726, 855.458, 858.826, 887.309, 918.586, 920.1]

job_id: 37,	machine_id: 4,	op_id: 0,	op.startTime: 652.919,	op.RPT: 47.834
self.TimeStamp: [659.667, 663.526, 676.307, 678.676, 700.753, 721.029, 751.889, 775.56, 789.189, 797.167, 828.52, 839.726, 855.458, 858.826, 887.309, 918.586, 920.1]

job_id: 36,	machine_id: 3,	op_id: 1,	op.startTime: 659.667,	op.RPT: 38.982
self.TimeStamp: [663.526, 676.307, 678.676, 698.65, 700.753, 721.029, 751.889, 775.56, 789.189, 797.167, 828.52, 839.726, 855.458, 858.826, 887.309, 918.586, 920.1]

job_id: 33,	machine_id: 1,	op_id: 1,	op.startTime: 663.526,	op.RPT: 20.077
self.TimeStamp: [676.307, 678.676, 683.603, 698.65, 700.753, 721.029, 751.889, 775.56, 789.189, 797.167, 828.52, 839.726, 855.458, 858.826, 887.309, 918.586, 920.1]

job_id: 34,	machine_id: 2,	op_id: 2,	op.startTime: 676.307,	op.RPT: 45.172
self.TimeStamp: [678.676, 683.603, 698.65, 700.753, 721.029, 721.479, 751.889, 775.56, 789.189, 797.167, 828.52, 839.726, 855.458, 858.826, 887.309, 918.586, 920.1]

job_id: 35,	machine_id: 1,	op_id: 1,	op.startTime: 683.603,	op.RPT: 32.301
self.TimeStamp: [698.65, 700.753, 715.904, 721.029, 721.479, 751.889, 775.56, 789.189, 797.167, 828.52, 839.726, 855.458, 858.826, 887.309, 918.586, 920.1]

job_id: 37,	machine_id: 0,	op_id: 1,	op.startTime: 700.753,	op.RPT: 41.756
self.TimeStamp: [715.904, 721.029, 721.479, 742.509, 751.889, 775.56, 789.189, 797.167, 828.52, 839.726, 855.458, 858.826, 887.309, 918.586, 920.1]

job_id: 35,	machine_id: 4,	op_id: 2,	op.startTime: 715.904,	op.RPT: 13.796
self.TimeStamp: [721.029, 721.479, 729.7, 742.509, 751.889, 775.56, 789.189, 797.167, 828.52, 839.726, 855.458, 858.826, 887.309, 918.586, 920.1]

job_id: 38,	machine_id: 3,	op_id: 0,	op.startTime: 721.029,	op.RPT: 10.461
self.TimeStamp: [721.479, 729.7, 731.49, 742.509, 751.889, 775.56, 789.189, 797.167, 828.52, 839.726, 855.458, 858.826, 887.309, 918.586, 920.1]

job_id: 38,	machine_id: 1,	op_id: 1,	op.startTime: 731.49,	op.RPT: 35.516
self.TimeStamp: [742.509, 751.889, 767.005, 775.56, 789.189, 797.167, 828.52, 839.726, 855.458, 858.826, 887.309, 918.586, 920.1]

job_id: 39,	machine_id: 4,	op_id: 0,	op.startTime: 751.889,	op.RPT: 46.449
self.TimeStamp: [767.005, 775.56, 789.189, 797.167, 798.338, 828.52, 839.726, 855.458, 858.826, 887.309, 918.586, 920.1]

job_id: 40,	machine_id: 2,	op_id: 0,	op.startTime: 775.56,	op.RPT: 27.631
self.TimeStamp: [789.189, 797.167, 798.338, 803.191, 828.52, 839.726, 855.458, 858.826, 887.309, 918.586, 920.1]

job_id: 41,	machine_id: 0,	op_id: 0,	op.startTime: 789.189,	op.RPT: 35.391
self.TimeStamp: [797.167, 798.338, 803.191, 824.58, 828.52, 839.726, 855.458, 858.826, 887.309, 918.586, 920.1]

job_id: 42,	machine_id: 3,	op_id: 0,	op.startTime: 797.167,	op.RPT: 16.443
self.TimeStamp: [798.338, 803.191, 813.61, 824.58, 828.52, 839.726, 855.458, 858.826, 887.309, 918.586, 920.1]

job_id: 39,	machine_id: 1,	op_id: 1,	op.startTime: 798.338,	op.RPT: 15.118
self.TimeStamp: [803.191, 813.457, 813.61, 824.58, 828.52, 839.726, 855.458, 858.826, 887.309, 918.586, 920.1]

job_id: 40,	machine_id: 2,	op_id: 1,	op.startTime: 803.191,	op.RPT: 29.602
self.TimeStamp: [813.457, 813.61, 824.58, 828.52, 832.793, 839.726, 855.458, 858.826, 887.309, 918.586, 920.1]

job_id: 42,	machine_id: 4,	op_id: 1,	op.startTime: 813.61,	op.RPT: 41.446
self.TimeStamp: [824.58, 828.52, 832.793, 839.726, 855.057, 855.458, 858.826, 887.309, 918.586, 920.1]

job_id: 41,	machine_id: 1,	op_id: 1,	op.startTime: 824.58,	op.RPT: 15.118
self.TimeStamp: [828.52, 832.793, 839.698, 839.726, 855.057, 855.458, 858.826, 887.309, 918.586, 920.1]

job_id: 43,	machine_id: 3,	op_id: 0,	op.startTime: 828.52,	op.RPT: 48.536
self.TimeStamp: [832.793, 839.698, 839.726, 855.057, 855.458, 858.826, 877.055, 887.309, 918.586, 920.1]

job_id: 44,	machine_id: 0,	op_id: 0,	op.startTime: 839.726,	op.RPT: 35.391
self.TimeStamp: [855.057, 855.458, 858.826, 875.117, 877.055, 887.309, 918.586, 920.1]

job_id: 45,	machine_id: 2,	op_id: 0,	op.startTime: 855.458,	op.RPT: 27.631
self.TimeStamp: [858.826, 875.117, 877.055, 883.089, 887.309, 918.586, 920.1]

job_id: 46,	machine_id: 0,	op_id: 0,	op.startTime: 875.117,	op.RPT: 43.655
self.TimeStamp: [877.055, 883.089, 887.309, 918.586, 918.772, 920.1]

job_id: 43,	machine_id: 1,	op_id: 1,	op.startTime: 877.055,	op.RPT: 20.077
self.TimeStamp: [883.089, 887.309, 897.132, 918.586, 918.772, 920.1]

job_id: 44,	machine_id: 4,	op_id: 1,	op.startTime: 883.089,	op.RPT: 46.237
self.TimeStamp: [887.309, 897.132, 918.586, 918.772, 920.1, 929.326]

job_id: 45,	machine_id: 2,	op_id: 1,	op.startTime: 887.309,	op.RPT: 29.602
self.TimeStamp: [897.132, 916.912, 918.586, 918.772, 920.1, 929.326]

job_id: 48,	machine_id: 3,	op_id: 0,	op.startTime: 918.586,	op.RPT: 10.461
self.TimeStamp: [918.772, 920.1, 929.046, 929.326]

job_id: 47,	machine_id: 0,	op_id: 0,	op.startTime: 918.772,	op.RPT: 35.391
self.TimeStamp: [920.1, 929.046, 929.326, 954.163]

job_id: 46,	machine_id: 1,	op_id: 1,	op.startTime: 920.1,	op.RPT: 32.301
self.TimeStamp: [929.046, 929.326, 952.401, 954.163]

job_id: 48,	machine_id: 3,	op_id: 1,	op.startTime: 929.046,	op.RPT: 38.982
self.TimeStamp: [929.326, 952.401, 954.163, 968.029]

job_id: 49,	machine_id: 4,	op_id: 0,	op.startTime: 929.326,	op.RPT: 46.449
self.TimeStamp: [952.401, 954.163, 968.029, 975.775]

job_id: 46,	machine_id: 2,	op_id: 2,	op.startTime: 952.401,	op.RPT: 45.172
self.TimeStamp: [954.163, 968.029, 975.775, 997.573]

job_id: 47,	machine_id: 1,	op_id: 1,	op.startTime: 954.163,	op.RPT: 15.118
self.TimeStamp: [968.029, 969.281, 975.775, 997.573]

job_id: 49,	machine_id: 1,	op_id: 1,	op.startTime: 975.775,	op.RPT: 15.118
self.TimeStamp: [990.893, 997.573]

reschedule
job_id: 5,	machine_id: 2,	op_id: 0,	op.startTime: 0,	op.RPT: 10.473
self.TimeStamp: [0, 0, 0, 0, 0, 0, 0, 0, 0, 10.473, 38.669, 76.44, 178.197, 189.954, 193.354, 197.561, 249.852, 274.968, 306.543, 361.277, 370.121, 428.523, 433.857, 470.953, 493.848, 503.515, 517.745, 517.823, 535.521, 546.048, 555.843, 585.803, 594.712, 598.335, 605.366, 608.135, 649.207, 651.951, 721.029, 751.889, 775.56, 789.189, 797.167, 828.52, 839.726, 855.458, 858.826, 887.309, 918.586, 920.1]

job_id: 9,	machine_id: 1,	op_id: 0,	op.startTime: 0,	op.RPT: 27.722
self.TimeStamp: [0, 0, 0, 0, 0, 0, 0, 0, 10.473, 27.722, 38.669, 76.44, 178.197, 189.954, 193.354, 197.561, 249.852, 274.968, 306.543, 361.277, 370.121, 428.523, 433.857, 470.953, 493.848, 503.515, 517.745, 517.823, 535.521, 546.048, 555.843, 585.803, 594.712, 598.335, 605.366, 608.135, 649.207, 651.951, 721.029, 751.889, 775.56, 789.189, 797.167, 828.52, 839.726, 855.458, 858.826, 887.309, 918.586, 920.1]

job_id: 0,	machine_id: 3,	op_id: 0,	op.startTime: 0,	op.RPT: 10.461
self.TimeStamp: [0, 0, 0, 0, 0, 0, 0, 10.461, 10.473, 27.722, 38.669, 76.44, 178.197, 189.954, 193.354, 197.561, 249.852, 274.968, 306.543, 361.277, 370.121, 428.523, 433.857, 470.953, 493.848, 503.515, 517.745, 517.823, 535.521, 546.048, 555.843, 585.803, 594.712, 598.335, 605.366, 608.135, 649.207, 651.951, 721.029, 751.889, 775.56, 789.189, 797.167, 828.52, 839.726, 855.458, 858.826, 887.309, 918.586, 920.1]

job_id: 1,	machine_id: 0,	op_id: 0,	op.startTime: 0,	op.RPT: 13.828
self.TimeStamp: [0, 0, 0, 0, 0, 0, 10.461, 10.473, 13.828, 27.722, 38.669, 76.44, 178.197, 189.954, 193.354, 197.561, 249.852, 274.968, 306.543, 361.277, 370.121, 428.523, 433.857, 470.953, 493.848, 503.515, 517.745, 517.823, 535.521, 546.048, 555.843, 585.803, 594.712, 598.335, 605.366, 608.135, 649.207, 651.951, 721.029, 751.889, 775.56, 789.189, 797.167, 828.52, 839.726, 855.458, 858.826, 887.309, 918.586, 920.1]

job_id: 3,	machine_id: 4,	op_id: 0,	op.startTime: 0,	op.RPT: 46.449
self.TimeStamp: [0, 0, 0, 0, 0, 10.461, 10.473, 13.828, 27.722, 38.669, 46.449, 76.44, 178.197, 189.954, 193.354, 197.561, 249.852, 274.968, 306.543, 361.277, 370.121, 428.523, 433.857, 470.953, 493.848, 503.515, 517.745, 517.823, 535.521, 546.048, 555.843, 585.803, 594.712, 598.335, 605.366, 608.135, 649.207, 651.951, 721.029, 751.889, 775.56, 789.189, 797.167, 828.52, 839.726, 855.458, 858.826, 887.309, 918.586, 920.1]

job_id: 2,	machine_id: 3,	op_id: 0,	op.startTime: 10.461,	op.RPT: 10.461
self.TimeStamp: [10.473, 13.828, 20.921, 27.722, 38.669, 46.449, 76.44, 178.197, 189.954, 193.354, 197.561, 249.852, 274.968, 306.543, 361.277, 370.121, 428.523, 433.857, 470.953, 493.848, 503.515, 517.745, 517.823, 535.521, 546.048, 555.843, 585.803, 594.712, 598.335, 605.366, 608.135, 649.207, 651.951, 721.029, 751.889, 775.56, 789.189, 797.167, 828.52, 839.726, 855.458, 858.826, 887.309, 918.586, 920.1]

job_id: 6,	machine_id: 2,	op_id: 0,	op.startTime: 10.473,	op.RPT: 10.473
self.TimeStamp: [13.828, 20.921, 20.945, 27.722, 38.669, 46.449, 76.44, 178.197, 189.954, 193.354, 197.561, 249.852, 274.968, 306.543, 361.277, 370.121, 428.523, 433.857, 470.953, 493.848, 503.515, 517.745, 517.823, 535.521, 546.048, 555.843, 585.803, 594.712, 598.335, 605.366, 608.135, 649.207, 651.951, 721.029, 751.889, 775.56, 789.189, 797.167, 828.52, 839.726, 855.458, 858.826, 887.309, 918.586, 920.1]

job_id: 4,	machine_id: 0,	op_id: 0,	op.startTime: 13.828,	op.RPT: 35.391
self.TimeStamp: [20.921, 20.945, 27.722, 38.669, 46.449, 49.219, 76.44, 178.197, 189.954, 193.354, 197.561, 249.852, 274.968, 306.543, 361.277, 370.121, 428.523, 433.857, 470.953, 493.848, 503.515, 517.745, 517.823, 535.521, 546.048, 555.843, 585.803, 594.712, 598.335, 605.366, 608.135, 649.207, 651.951, 721.029, 751.889, 775.56, 789.189, 797.167, 828.52, 839.726, 855.458, 858.826, 887.309, 918.586, 920.1]

job_id: 5,	machine_id: 3,	op_id: 1,	op.startTime: 20.921,	op.RPT: 29.11
self.TimeStamp: [20.945, 27.722, 38.669, 46.449, 49.219, 50.031, 76.44, 178.197, 189.954, 193.354, 197.561, 249.852, 274.968, 306.543, 361.277, 370.121, 428.523, 433.857, 470.953, 493.848, 503.515, 517.745, 517.823, 535.521, 546.048, 555.843, 585.803, 594.712, 598.335, 605.366, 608.135, 649.207, 651.951, 721.029, 751.889, 775.56, 789.189, 797.167, 828.52, 839.726, 855.458, 858.826, 887.309, 918.586, 920.1]

job_id: 7,	machine_id: 2,	op_id: 0,	op.startTime: 20.945,	op.RPT: 10.473
self.TimeStamp: [27.722, 31.418, 38.669, 46.449, 49.219, 50.031, 76.44, 178.197, 189.954, 193.354, 197.561, 249.852, 274.968, 306.543, 361.277, 370.121, 428.523, 433.857, 470.953, 493.848, 503.515, 517.745, 517.823, 535.521, 546.048, 555.843, 585.803, 594.712, 598.335, 605.366, 608.135, 649.207, 651.951, 721.029, 751.889, 775.56, 789.189, 797.167, 828.52, 839.726, 855.458, 858.826, 887.309, 918.586, 920.1]

job_id: 0,	machine_id: 1,	op_id: 1,	op.startTime: 27.722,	op.RPT: 35.516
self.TimeStamp: [31.418, 38.669, 46.449, 49.219, 50.031, 63.237, 76.44, 178.197, 189.954, 193.354, 197.561, 249.852, 274.968, 306.543, 361.277, 370.121, 428.523, 433.857, 470.953, 493.848, 503.515, 517.745, 517.823, 535.521, 546.048, 555.843, 585.803, 594.712, 598.335, 605.366, 608.135, 649.207, 651.951, 721.029, 751.889, 775.56, 789.189, 797.167, 828.52, 839.726, 855.458, 858.826, 887.309, 918.586, 920.1]

job_id: 8,	machine_id: 2,	op_id: 0,	op.startTime: 31.418,	op.RPT: 10.473
self.TimeStamp: [38.669, 41.89, 46.449, 49.219, 50.031, 63.237, 76.44, 178.197, 189.954, 193.354, 197.561, 249.852, 274.968, 306.543, 361.277, 370.121, 428.523, 433.857, 470.953, 493.848, 503.515, 517.745, 517.823, 535.521, 546.048, 555.843, 585.803, 594.712, 598.335, 605.366, 608.135, 649.207, 651.951, 721.029, 751.889, 775.56, 789.189, 797.167, 828.52, 839.726, 855.458, 858.826, 887.309, 918.586, 920.1]

job_id: 6,	machine_id: 2,	op_id: 1,	op.startTime: 41.89,	op.RPT: 39.869
self.TimeStamp: [46.449, 49.219, 50.031, 63.237, 76.44, 81.759, 178.197, 189.954, 193.354, 197.561, 249.852, 274.968, 306.543, 361.277, 370.121, 428.523, 433.857, 470.953, 493.848, 503.515, 517.745, 517.823, 535.521, 546.048, 555.843, 585.803, 594.712, 598.335, 605.366, 608.135, 649.207, 651.951, 721.029, 751.889, 775.56, 789.189, 797.167, 828.52, 839.726, 855.458, 858.826, 887.309, 918.586, 920.1]

job_id: 10,	machine_id: 4,	op_id: 0,	op.startTime: 46.449,	op.RPT: 47.834
self.TimeStamp: [49.219, 50.031, 63.237, 76.44, 81.759, 94.283, 178.197, 189.954, 193.354, 197.561, 249.852, 274.968, 306.543, 361.277, 370.121, 428.523, 433.857, 470.953, 493.848, 503.515, 517.745, 517.823, 535.521, 546.048, 555.843, 585.803, 594.712, 598.335, 605.366, 608.135, 649.207, 651.951, 721.029, 751.889, 775.56, 789.189, 797.167, 828.52, 839.726, 855.458, 858.826, 887.309, 918.586, 920.1]

job_id: 1,	machine_id: 3,	op_id: 1,	op.startTime: 50.031,	op.RPT: 38.982
self.TimeStamp: [63.237, 76.44, 81.759, 89.013, 94.283, 178.197, 189.954, 193.354, 197.561, 249.852, 274.968, 306.543, 361.277, 370.121, 428.523, 433.857, 470.953, 493.848, 503.515, 517.745, 517.823, 535.521, 546.048, 555.843, 585.803, 594.712, 598.335, 605.366, 608.135, 649.207, 651.951, 721.029, 751.889, 775.56, 789.189, 797.167, 828.52, 839.726, 855.458, 858.826, 887.309, 918.586, 920.1]

job_id: 2,	machine_id: 1,	op_id: 1,	op.startTime: 63.237,	op.RPT: 35.516
self.TimeStamp: [76.44, 81.759, 89.013, 94.283, 98.753, 178.197, 189.954, 193.354, 197.561, 249.852, 274.968, 306.543, 361.277, 370.121, 428.523, 433.857, 470.953, 493.848, 503.515, 517.745, 517.823, 535.521, 546.048, 555.843, 585.803, 594.712, 598.335, 605.366, 608.135, 649.207, 651.951, 721.029, 751.889, 775.56, 789.189, 797.167, 828.52, 839.726, 855.458, 858.826, 887.309, 918.586, 920.1]

job_id: 11,	machine_id: 0,	op_id: 0,	op.startTime: 76.44,	op.RPT: 13.828
self.TimeStamp: [81.759, 89.013, 90.268, 94.283, 98.753, 178.197, 189.954, 193.354, 197.561, 249.852, 274.968, 306.543, 361.277, 370.121, 428.523, 433.857, 470.953, 493.848, 503.515, 517.745, 517.823, 535.521, 546.048, 555.843, 585.803, 594.712, 598.335, 605.366, 608.135, 649.207, 651.951, 721.029, 751.889, 775.56, 789.189, 797.167, 828.52, 839.726, 855.458, 858.826, 887.309, 918.586, 920.1]

job_id: 9,	machine_id: 2,	op_id: 1,	op.startTime: 81.759,	op.RPT: 29.602
self.TimeStamp: [89.013, 90.268, 94.283, 98.753, 111.361, 178.197, 189.954, 193.354, 197.561, 249.852, 274.968, 306.543, 361.277, 370.121, 428.523, 433.857, 470.953, 493.848, 503.515, 517.745, 517.823, 535.521, 546.048, 555.843, 585.803, 594.712, 598.335, 605.366, 608.135, 649.207, 651.951, 721.029, 751.889, 775.56, 789.189, 797.167, 828.52, 839.726, 855.458, 858.826, 887.309, 918.586, 920.1]

job_id: 7,	machine_id: 3,	op_id: 1,	op.startTime: 89.013,	op.RPT: 29.11
self.TimeStamp: [90.268, 94.283, 98.753, 111.361, 118.123, 178.197, 189.954, 193.354, 197.561, 249.852, 274.968, 306.543, 361.277, 370.121, 428.523, 433.857, 470.953, 493.848, 503.515, 517.745, 517.823, 535.521, 546.048, 555.843, 585.803, 594.712, 598.335, 605.366, 608.135, 649.207, 651.951, 721.029, 751.889, 775.56, 789.189, 797.167, 828.52, 839.726, 855.458, 858.826, 887.309, 918.586, 920.1]

job_id: 3,	machine_id: 4,	op_id: 1,	op.startTime: 94.283,	op.RPT: 46.237
self.TimeStamp: [98.753, 111.361, 118.123, 140.52, 178.197, 189.954, 193.354, 197.561, 249.852, 274.968, 306.543, 361.277, 370.121, 428.523, 433.857, 470.953, 493.848, 503.515, 517.745, 517.823, 535.521, 546.048, 555.843, 585.803, 594.712, 598.335, 605.366, 608.135, 649.207, 651.951, 721.029, 751.889, 775.56, 789.189, 797.167, 828.52, 839.726, 855.458, 858.826, 887.309, 918.586, 920.1]

job_id: 5,	machine_id: 1,	op_id: 2,	op.startTime: 98.753,	op.RPT: 10.552
self.TimeStamp: [109.305, 111.361, 118.123, 140.52, 178.197, 189.954, 193.354, 197.561, 249.852, 274.968, 306.543, 361.277, 370.121, 428.523, 433.857, 470.953, 493.848, 503.515, 517.745, 517.823, 535.521, 546.048, 555.843, 585.803, 594.712, 598.335, 605.366, 608.135, 649.207, 651.951, 721.029, 751.889, 775.56, 789.189, 797.167, 828.52, 839.726, 855.458, 858.826, 887.309, 918.586, 920.1]

job_id: 4,	machine_id: 1,	op_id: 1,	op.startTime: 109.305,	op.RPT: 15.118
self.TimeStamp: [111.361, 118.123, 124.424, 140.52, 178.197, 189.954, 193.354, 197.561, 249.852, 274.968, 306.543, 361.277, 370.121, 428.523, 433.857, 470.953, 493.848, 503.515, 517.745, 517.823, 535.521, 546.048, 555.843, 585.803, 594.712, 598.335, 605.366, 608.135, 649.207, 651.951, 721.029, 751.889, 775.56, 789.189, 797.167, 828.52, 839.726, 855.458, 858.826, 887.309, 918.586, 920.1]

job_id: 8,	machine_id: 2,	op_id: 1,	op.startTime: 111.361,	op.RPT: 39.869
self.TimeStamp: [118.123, 124.424, 140.52, 151.23, 178.197, 189.954, 193.354, 197.561, 249.852, 274.968, 306.543, 361.277, 370.121, 428.523, 433.857, 470.953, 493.848, 503.515, 517.745, 517.823, 535.521, 546.048, 555.843, 585.803, 594.712, 598.335, 605.366, 608.135, 649.207, 651.951, 721.029, 751.889, 775.56, 789.189, 797.167, 828.52, 839.726, 855.458, 858.826, 887.309, 918.586, 920.1]

job_id: 10,	machine_id: 0,	op_id: 1,	op.startTime: 118.123,	op.RPT: 41.756
self.TimeStamp: [124.424, 140.52, 151.23, 159.88, 178.197, 189.954, 193.354, 197.561, 249.852, 274.968, 306.543, 361.277, 370.121, 428.523, 433.857, 470.953, 493.848, 503.515, 517.745, 517.823, 535.521, 546.048, 555.843, 585.803, 594.712, 598.335, 605.366, 608.135, 649.207, 651.951, 721.029, 751.889, 775.56, 789.189, 797.167, 828.52, 839.726, 855.458, 858.826, 887.309, 918.586, 920.1]

job_id: 6,	machine_id: 1,	op_id: 2,	op.startTime: 124.424,	op.RPT: 10.552
self.TimeStamp: [134.976, 140.52, 151.23, 159.88, 178.197, 189.954, 193.354, 197.561, 249.852, 274.968, 306.543, 361.277, 370.121, 428.523, 433.857, 470.953, 493.848, 503.515, 517.745, 517.823, 535.521, 546.048, 555.843, 585.803, 594.712, 598.335, 605.366, 608.135, 649.207, 651.951, 721.029, 751.889, 775.56, 789.189, 797.167, 828.52, 839.726, 855.458, 858.826, 887.309, 918.586, 920.1]

job_id: 7,	machine_id: 1,	op_id: 2,	op.startTime: 134.976,	op.RPT: 10.552
self.TimeStamp: [140.52, 145.528, 151.23, 159.88, 178.197, 189.954, 193.354, 197.561, 249.852, 274.968, 306.543, 361.277, 370.121, 428.523, 433.857, 470.953, 493.848, 503.515, 517.745, 517.823, 535.521, 546.048, 555.843, 585.803, 594.712, 598.335, 605.366, 608.135, 649.207, 651.951, 721.029, 751.889, 775.56, 789.189, 797.167, 828.52, 839.726, 855.458, 858.826, 887.309, 918.586, 920.1]

job_id: 11,	machine_id: 3,	op_id: 1,	op.startTime: 140.52,	op.RPT: 38.982
self.TimeStamp: [145.528, 151.23, 159.88, 178.197, 179.502, 189.954, 193.354, 197.561, 249.852, 274.968, 306.543, 361.277, 370.121, 428.523, 433.857, 470.953, 493.848, 503.515, 517.745, 517.823, 535.521, 546.048, 555.843, 585.803, 594.712, 598.335, 605.366, 608.135, 649.207, 651.951, 721.029, 751.889, 775.56, 789.189, 797.167, 828.52, 839.726, 855.458, 858.826, 887.309, 918.586, 920.1]

job_id: 8,	machine_id: 4,	op_id: 2,	op.startTime: 151.23,	op.RPT: 13.796
self.TimeStamp: [159.88, 165.026, 178.197, 179.502, 189.954, 193.354, 197.561, 249.852, 274.968, 306.543, 361.277, 370.121, 428.523, 433.857, 470.953, 493.848, 503.515, 517.745, 517.823, 535.521, 546.048, 555.843, 585.803, 594.712, 598.335, 605.366, 608.135, 649.207, 651.951, 721.029, 751.889, 775.56, 789.189, 797.167, 828.52, 839.726, 855.458, 858.826, 887.309, 918.586, 920.1]

job_id: 12,	machine_id: 2,	op_id: 0,	op.startTime: 178.197,	op.RPT: 10.473
self.TimeStamp: [179.502, 188.669, 189.954, 193.354, 197.561, 249.852, 274.968, 306.543, 361.277, 370.121, 428.523, 433.857, 470.953, 493.848, 503.515, 517.745, 517.823, 535.521, 546.048, 555.843, 585.803, 594.712, 598.335, 605.366, 608.135, 649.207, 651.951, 721.029, 751.889, 775.56, 789.189, 797.167, 828.52, 839.726, 855.458, 858.826, 887.309, 918.586, 920.1]

job_id: 12,	machine_id: 1,	op_id: 1,	op.startTime: 188.669,	op.RPT: 32.301
self.TimeStamp: [189.954, 193.354, 197.561, 220.971, 249.852, 274.968, 306.543, 361.277, 370.121, 428.523, 433.857, 470.953, 493.848, 503.515, 517.745, 517.823, 535.521, 546.048, 555.843, 585.803, 594.712, 598.335, 605.366, 608.135, 649.207, 651.951, 721.029, 751.889, 775.56, 789.189, 797.167, 828.52, 839.726, 855.458, 858.826, 887.309, 918.586, 920.1]

job_id: 13,	machine_id: 0,	op_id: 0,	op.startTime: 189.954,	op.RPT: 13.828
self.TimeStamp: [193.354, 197.561, 203.782, 220.971, 249.852, 274.968, 306.543, 361.277, 370.121, 428.523, 433.857, 470.953, 493.848, 503.515, 517.745, 517.823, 535.521, 546.048, 555.843, 585.803, 594.712, 598.335, 605.366, 608.135, 649.207, 651.951, 721.029, 751.889, 775.56, 789.189, 797.167, 828.52, 839.726, 855.458, 858.826, 887.309, 918.586, 920.1]

job_id: 14,	machine_id: 3,	op_id: 0,	op.startTime: 193.354,	op.RPT: 48.536
self.TimeStamp: [197.561, 203.782, 220.971, 241.889, 249.852, 274.968, 306.543, 361.277, 370.121, 428.523, 433.857, 470.953, 493.848, 503.515, 517.745, 517.823, 535.521, 546.048, 555.843, 585.803, 594.712, 598.335, 605.366, 608.135, 649.207, 651.951, 721.029, 751.889, 775.56, 789.189, 797.167, 828.52, 839.726, 855.458, 858.826, 887.309, 918.586, 920.1]

job_id: 15,	machine_id: 0,	op_id: 0,	op.startTime: 203.782,	op.RPT: 13.828
self.TimeStamp: [217.61, 220.971, 241.889, 249.852, 274.968, 306.543, 361.277, 370.121, 428.523, 433.857, 470.953, 493.848, 503.515, 517.745, 517.823, 535.521, 546.048, 555.843, 585.803, 594.712, 598.335, 605.366, 608.135, 649.207, 651.951, 721.029, 751.889, 775.56, 789.189, 797.167, 828.52, 839.726, 855.458, 858.826, 887.309, 918.586, 920.1]

job_id: 13,	machine_id: 1,	op_id: 1,	op.startTime: 220.971,	op.RPT: 35.516
self.TimeStamp: [241.889, 249.852, 256.486, 274.968, 306.543, 361.277, 370.121, 428.523, 433.857, 470.953, 493.848, 503.515, 517.745, 517.823, 535.521, 546.048, 555.843, 585.803, 594.712, 598.335, 605.366, 608.135, 649.207, 651.951, 721.029, 751.889, 775.56, 789.189, 797.167, 828.52, 839.726, 855.458, 858.826, 887.309, 918.586, 920.1]

job_id: 15,	machine_id: 3,	op_id: 1,	op.startTime: 241.889,	op.RPT: 38.982
self.TimeStamp: [249.852, 256.486, 274.968, 280.872, 306.543, 361.277, 370.121, 428.523, 433.857, 470.953, 493.848, 503.515, 517.745, 517.823, 535.521, 546.048, 555.843, 585.803, 594.712, 598.335, 605.366, 608.135, 649.207, 651.951, 721.029, 751.889, 775.56, 789.189, 797.167, 828.52, 839.726, 855.458, 858.826, 887.309, 918.586, 920.1]

job_id: 16,	machine_id: 2,	op_id: 0,	op.startTime: 249.852,	op.RPT: 27.631
self.TimeStamp: [256.486, 274.968, 277.483, 280.872, 306.543, 361.277, 370.121, 428.523, 433.857, 470.953, 493.848, 503.515, 517.745, 517.823, 535.521, 546.048, 555.843, 585.803, 594.712, 598.335, 605.366, 608.135, 649.207, 651.951, 721.029, 751.889, 775.56, 789.189, 797.167, 828.52, 839.726, 855.458, 858.826, 887.309, 918.586, 920.1]

job_id: 14,	machine_id: 1,	op_id: 1,	op.startTime: 256.486,	op.RPT: 20.077
self.TimeStamp: [274.968, 276.563, 277.483, 280.872, 306.543, 361.277, 370.121, 428.523, 433.857, 470.953, 493.848, 503.515, 517.745, 517.823, 535.521, 546.048, 555.843, 585.803, 594.712, 598.335, 605.366, 608.135, 649.207, 651.951, 721.029, 751.889, 775.56, 789.189, 797.167, 828.52, 839.726, 855.458, 858.826, 887.309, 918.586, 920.1]

job_id: 17,	machine_id: 0,	op_id: 0,	op.startTime: 274.968,	op.RPT: 43.655
self.TimeStamp: [276.563, 277.483, 280.872, 306.543, 318.623, 361.277, 370.121, 428.523, 433.857, 470.953, 493.848, 503.515, 517.745, 517.823, 535.521, 546.048, 555.843, 585.803, 594.712, 598.335, 605.366, 608.135, 649.207, 651.951, 721.029, 751.889, 775.56, 789.189, 797.167, 828.52, 839.726, 855.458, 858.826, 887.309, 918.586, 920.1]

job_id: 12,	machine_id: 4,	op_id: 2,	op.startTime: 276.563,	op.RPT: 13.796
self.TimeStamp: [277.483, 280.872, 290.359, 306.543, 318.623, 361.277, 370.121, 428.523, 433.857, 470.953, 493.848, 503.515, 517.745, 517.823, 535.521, 546.048, 555.843, 585.803, 594.712, 598.335, 605.366, 608.135, 649.207, 651.951, 721.029, 751.889, 775.56, 789.189, 797.167, 828.52, 839.726, 855.458, 858.826, 887.309, 918.586, 920.1]

job_id: 16,	machine_id: 1,	op_id: 1,	op.startTime: 277.483,	op.RPT: 20.077
self.TimeStamp: [280.872, 290.359, 297.559, 306.543, 318.623, 361.277, 370.121, 428.523, 433.857, 470.953, 493.848, 503.515, 517.745, 517.823, 535.521, 546.048, 555.843, 585.803, 594.712, 598.335, 605.366, 608.135, 649.207, 651.951, 721.029, 751.889, 775.56, 789.189, 797.167, 828.52, 839.726, 855.458, 858.826, 887.309, 918.586, 920.1]

job_id: 18,	machine_id: 2,	op_id: 0,	op.startTime: 306.543,	op.RPT: 27.631
self.TimeStamp: [318.623, 334.174, 361.277, 370.121, 428.523, 433.857, 470.953, 493.848, 503.515, 517.745, 517.823, 535.521, 546.048, 555.843, 585.803, 594.712, 598.335, 605.366, 608.135, 649.207, 651.951, 721.029, 751.889, 775.56, 789.189, 797.167, 828.52, 839.726, 855.458, 858.826, 887.309, 918.586, 920.1]

job_id: 17,	machine_id: 3,	op_id: 1,	op.startTime: 318.623,	op.RPT: 29.11
self.TimeStamp: [334.174, 347.733, 361.277, 370.121, 428.523, 433.857, 470.953, 493.848, 503.515, 517.745, 517.823, 535.521, 546.048, 555.843, 585.803, 594.712, 598.335, 605.366, 608.135, 649.207, 651.951, 721.029, 751.889, 775.56, 789.189, 797.167, 828.52, 839.726, 855.458, 858.826, 887.309, 918.586, 920.1]

job_id: 18,	machine_id: 1,	op_id: 1,	op.startTime: 334.174,	op.RPT: 20.077
self.TimeStamp: [347.733, 354.25, 361.277, 370.121, 428.523, 433.857, 470.953, 493.848, 503.515, 517.745, 517.823, 535.521, 546.048, 555.843, 585.803, 594.712, 598.335, 605.366, 608.135, 649.207, 651.951, 721.029, 751.889, 775.56, 789.189, 797.167, 828.52, 839.726, 855.458, 858.826, 887.309, 918.586, 920.1]

job_id: 17,	machine_id: 4,	op_id: 2,	op.startTime: 347.733,	op.RPT: 13.796
self.TimeStamp: [354.25, 361.277, 361.529, 370.121, 428.523, 433.857, 470.953, 493.848, 503.515, 517.745, 517.823, 535.521, 546.048, 555.843, 585.803, 594.712, 598.335, 605.366, 608.135, 649.207, 651.951, 721.029, 751.889, 775.56, 789.189, 797.167, 828.52, 839.726, 855.458, 858.826, 887.309, 918.586, 920.1]

job_id: 19,	machine_id: 0,	op_id: 0,	op.startTime: 361.277,	op.RPT: 13.828
self.TimeStamp: [361.529, 370.121, 375.105, 428.523, 433.857, 470.953, 493.848, 503.515, 517.745, 517.823, 535.521, 546.048, 555.843, 585.803, 594.712, 598.335, 605.366, 608.135, 649.207, 651.951, 721.029, 751.889, 775.56, 789.189, 797.167, 828.52, 839.726, 855.458, 858.826, 887.309, 918.586, 920.1]

job_id: 20,	machine_id: 2,	op_id: 0,	op.startTime: 370.121,	op.RPT: 27.631
self.TimeStamp: [375.105, 397.752, 428.523, 433.857, 470.953, 493.848, 503.515, 517.745, 517.823, 535.521, 546.048, 555.843, 585.803, 594.712, 598.335, 605.366, 608.135, 649.207, 651.951, 721.029, 751.889, 775.56, 789.189, 797.167, 828.52, 839.726, 855.458, 858.826, 887.309, 918.586, 920.1]

job_id: 19,	machine_id: 3,	op_id: 1,	op.startTime: 375.105,	op.RPT: 38.982
self.TimeStamp: [397.752, 414.087, 428.523, 433.857, 470.953, 493.848, 503.515, 517.745, 517.823, 535.521, 546.048, 555.843, 585.803, 594.712, 598.335, 605.366, 608.135, 649.207, 651.951, 721.029, 751.889, 775.56, 789.189, 797.167, 828.52, 839.726, 855.458, 858.826, 887.309, 918.586, 920.1]

job_id: 20,	machine_id: 1,	op_id: 1,	op.startTime: 397.752,	op.RPT: 20.077
self.TimeStamp: [414.087, 417.829, 428.523, 433.857, 470.953, 493.848, 503.515, 517.745, 517.823, 535.521, 546.048, 555.843, 585.803, 594.712, 598.335, 605.366, 608.135, 649.207, 651.951, 721.029, 751.889, 775.56, 789.189, 797.167, 828.52, 839.726, 855.458, 858.826, 887.309, 918.586, 920.1]

job_id: 21,	machine_id: 2,	op_id: 0,	op.startTime: 428.523,	op.RPT: 27.631
self.TimeStamp: [433.857, 456.153, 470.953, 493.848, 503.515, 517.745, 517.823, 535.521, 546.048, 555.843, 585.803, 594.712, 598.335, 605.366, 608.135, 649.207, 651.951, 721.029, 751.889, 775.56, 789.189, 797.167, 828.52, 839.726, 855.458, 858.826, 887.309, 918.586, 920.1]

job_id: 22,	machine_id: 3,	op_id: 0,	op.startTime: 433.857,	op.RPT: 48.536
self.TimeStamp: [456.153, 470.953, 482.393, 493.848, 503.515, 517.745, 517.823, 535.521, 546.048, 555.843, 585.803, 594.712, 598.335, 605.366, 608.135, 649.207, 651.951, 721.029, 751.889, 775.56, 789.189, 797.167, 828.52, 839.726, 855.458, 858.826, 887.309, 918.586, 920.1]

job_id: 21,	machine_id: 1,	op_id: 1,	op.startTime: 456.153,	op.RPT: 20.077
self.TimeStamp: [470.953, 476.23, 482.393, 493.848, 503.515, 517.745, 517.823, 535.521, 546.048, 555.843, 585.803, 594.712, 598.335, 605.366, 608.135, 649.207, 651.951, 721.029, 751.889, 775.56, 789.189, 797.167, 828.52, 839.726, 855.458, 858.826, 887.309, 918.586, 920.1]

job_id: 23,	machine_id: 4,	op_id: 0,	op.startTime: 470.953,	op.RPT: 47.834
self.TimeStamp: [476.23, 482.393, 493.848, 503.515, 517.745, 517.823, 518.786, 535.521, 546.048, 555.843, 585.803, 594.712, 598.335, 605.366, 608.135, 649.207, 651.951, 721.029, 751.889, 775.56, 789.189, 797.167, 828.52, 839.726, 855.458, 858.826, 887.309, 918.586, 920.1]

job_id: 22,	machine_id: 2,	op_id: 1,	op.startTime: 482.393,	op.RPT: 29.602
self.TimeStamp: [493.848, 503.515, 511.995, 517.745, 517.823, 518.786, 535.521, 546.048, 555.843, 585.803, 594.712, 598.335, 605.366, 608.135, 649.207, 651.951, 721.029, 751.889, 775.56, 789.189, 797.167, 828.52, 839.726, 855.458, 858.826, 887.309, 918.586, 920.1]

job_id: 24,	machine_id: 0,	op_id: 0,	op.startTime: 493.848,	op.RPT: 13.828
self.TimeStamp: [503.515, 507.676, 511.995, 517.745, 517.823, 518.786, 535.521, 546.048, 555.843, 585.803, 594.712, 598.335, 605.366, 608.135, 649.207, 651.951, 721.029, 751.889, 775.56, 789.189, 797.167, 828.52, 839.726, 855.458, 858.826, 887.309, 918.586, 920.1]

job_id: 25,	machine_id: 0,	op_id: 0,	op.startTime: 507.676,	op.RPT: 35.391
self.TimeStamp: [511.995, 517.745, 517.823, 518.786, 535.521, 543.067, 546.048, 555.843, 585.803, 594.712, 598.335, 605.366, 608.135, 649.207, 651.951, 721.029, 751.889, 775.56, 789.189, 797.167, 828.52, 839.726, 855.458, 858.826, 887.309, 918.586, 920.1]

job_id: 24,	machine_id: 1,	op_id: 1,	op.startTime: 511.995,	op.RPT: 35.516
self.TimeStamp: [517.745, 517.823, 518.786, 535.521, 543.067, 546.048, 547.511, 555.843, 585.803, 594.712, 598.335, 605.366, 608.135, 649.207, 651.951, 721.029, 751.889, 775.56, 789.189, 797.167, 828.52, 839.726, 855.458, 858.826, 887.309, 918.586, 920.1]

job_id: 26,	machine_id: 3,	op_id: 0,	op.startTime: 517.745,	op.RPT: 16.443
self.TimeStamp: [517.823, 518.786, 534.188, 535.521, 543.067, 546.048, 547.511, 555.843, 585.803, 594.712, 598.335, 605.366, 608.135, 649.207, 651.951, 721.029, 751.889, 775.56, 789.189, 797.167, 828.52, 839.726, 855.458, 858.826, 887.309, 918.586, 920.1]

job_id: 23,	machine_id: 4,	op_id: 1,	op.startTime: 518.786,	op.RPT: 41.446
self.TimeStamp: [534.188, 535.521, 543.067, 546.048, 547.511, 555.843, 560.233, 585.803, 594.712, 598.335, 605.366, 608.135, 649.207, 651.951, 721.029, 751.889, 775.56, 789.189, 797.167, 828.52, 839.726, 855.458, 858.826, 887.309, 918.586, 920.1]

job_id: 27,	machine_id: 3,	op_id: 0,	op.startTime: 534.188,	op.RPT: 10.461
self.TimeStamp: [535.521, 543.067, 544.648, 546.048, 547.511, 555.843, 560.233, 585.803, 594.712, 598.335, 605.366, 608.135, 649.207, 651.951, 721.029, 751.889, 775.56, 789.189, 797.167, 828.52, 839.726, 855.458, 858.826, 887.309, 918.586, 920.1]

job_id: 28,	machine_id: 0,	op_id: 0,	op.startTime: 543.067,	op.RPT: 35.391
self.TimeStamp: [544.648, 546.048, 547.511, 555.843, 560.233, 578.457, 585.803, 594.712, 598.335, 605.366, 608.135, 649.207, 651.951, 721.029, 751.889, 775.56, 789.189, 797.167, 828.52, 839.726, 855.458, 858.826, 887.309, 918.586, 920.1]

job_id: 26,	machine_id: 3,	op_id: 1,	op.startTime: 544.648,	op.RPT: 21.61
self.TimeStamp: [546.048, 547.511, 555.843, 560.233, 566.258, 578.457, 585.803, 594.712, 598.335, 605.366, 608.135, 649.207, 651.951, 721.029, 751.889, 775.56, 789.189, 797.167, 828.52, 839.726, 855.458, 858.826, 887.309, 918.586, 920.1]

job_id: 29,	machine_id: 1,	op_id: 0,	op.startTime: 547.511,	op.RPT: 35.144
self.TimeStamp: [555.843, 560.233, 566.258, 578.457, 582.655, 585.803, 594.712, 598.335, 605.366, 608.135, 649.207, 651.951, 721.029, 751.889, 775.56, 789.189, 797.167, 828.52, 839.726, 855.458, 858.826, 887.309, 918.586, 920.1]

job_id: 30,	machine_id: 4,	op_id: 0,	op.startTime: 560.233,	op.RPT: 46.449
self.TimeStamp: [566.258, 578.457, 582.655, 585.803, 594.712, 598.335, 605.366, 606.682, 608.135, 649.207, 651.951, 721.029, 751.889, 775.56, 789.189, 797.167, 828.52, 839.726, 855.458, 858.826, 887.309, 918.586, 920.1]

job_id: 27,	machine_id: 3,	op_id: 1,	op.startTime: 566.258,	op.RPT: 38.982
self.TimeStamp: [578.457, 582.655, 585.803, 594.712, 598.335, 605.241, 605.366, 606.682, 608.135, 649.207, 651.951, 721.029, 751.889, 775.56, 789.189, 797.167, 828.52, 839.726, 855.458, 858.826, 887.309, 918.586, 920.1]

job_id: 29,	machine_id: 1,	op_id: 1,	op.startTime: 582.655,	op.RPT: 35.516
self.TimeStamp: [585.803, 594.712, 598.335, 605.241, 605.366, 606.682, 608.135, 618.171, 649.207, 651.951, 721.029, 751.889, 775.56, 789.189, 797.167, 828.52, 839.726, 855.458, 858.826, 887.309, 918.586, 920.1]

job_id: 31,	machine_id: 0,	op_id: 0,	op.startTime: 585.803,	op.RPT: 13.828
self.TimeStamp: [594.712, 598.335, 599.631, 605.241, 605.366, 606.682, 608.135, 618.171, 649.207, 651.951, 721.029, 751.889, 775.56, 789.189, 797.167, 828.52, 839.726, 855.458, 858.826, 887.309, 918.586, 920.1]

job_id: 33,	machine_id: 2,	op_id: 0,	op.startTime: 598.335,	op.RPT: 27.631
self.TimeStamp: [599.631, 605.241, 605.366, 606.682, 608.135, 618.171, 625.966, 649.207, 651.951, 721.029, 751.889, 775.56, 789.189, 797.167, 828.52, 839.726, 855.458, 858.826, 887.309, 918.586, 920.1]

job_id: 32,	machine_id: 0,	op_id: 0,	op.startTime: 599.631,	op.RPT: 35.391
self.TimeStamp: [605.241, 605.366, 606.682, 608.135, 618.171, 625.966, 635.022, 649.207, 651.951, 721.029, 751.889, 775.56, 789.189, 797.167, 828.52, 839.726, 855.458, 858.826, 887.309, 918.586, 920.1]

job_id: 31,	machine_id: 3,	op_id: 1,	op.startTime: 605.241,	op.RPT: 38.982
self.TimeStamp: [605.366, 606.682, 608.135, 618.171, 625.966, 635.022, 644.223, 649.207, 651.951, 721.029, 751.889, 775.56, 789.189, 797.167, 828.52, 839.726, 855.458, 858.826, 887.309, 918.586, 920.1]

job_id: 25,	machine_id: 4,	op_id: 1,	op.startTime: 606.682,	op.RPT: 46.237
self.TimeStamp: [608.135, 618.171, 625.966, 635.022, 644.223, 649.207, 651.951, 652.919, 721.029, 751.889, 775.56, 789.189, 797.167, 828.52, 839.726, 855.458, 858.826, 887.309, 918.586, 920.1]

job_id: 28,	machine_id: 1,	op_id: 1,	op.startTime: 618.171,	op.RPT: 15.118
self.TimeStamp: [625.966, 633.289, 635.022, 644.223, 649.207, 651.951, 652.919, 721.029, 751.889, 775.56, 789.189, 797.167, 828.52, 839.726, 855.458, 858.826, 887.309, 918.586, 920.1]

job_id: 34,	machine_id: 2,	op_id: 0,	op.startTime: 625.966,	op.RPT: 10.473
self.TimeStamp: [633.289, 635.022, 636.438, 644.223, 649.207, 651.951, 652.919, 721.029, 751.889, 775.56, 789.189, 797.167, 828.52, 839.726, 855.458, 858.826, 887.309, 918.586, 920.1]

job_id: 30,	machine_id: 1,	op_id: 1,	op.startTime: 633.289,	op.RPT: 15.118
self.TimeStamp: [635.022, 636.438, 644.223, 648.408, 649.207, 651.951, 652.919, 721.029, 751.889, 775.56, 789.189, 797.167, 828.52, 839.726, 855.458, 858.826, 887.309, 918.586, 920.1]

job_id: 35,	machine_id: 0,	op_id: 0,	op.startTime: 635.022,	op.RPT: 43.655
self.TimeStamp: [636.438, 644.223, 648.408, 649.207, 651.951, 652.919, 678.676, 721.029, 751.889, 775.56, 789.189, 797.167, 828.52, 839.726, 855.458, 858.826, 887.309, 918.586, 920.1]

job_id: 34,	machine_id: 2,	op_id: 1,	op.startTime: 636.438,	op.RPT: 39.869
self.TimeStamp: [644.223, 648.408, 649.207, 651.951, 652.919, 676.307, 678.676, 721.029, 751.889, 775.56, 789.189, 797.167, 828.52, 839.726, 855.458, 858.826, 887.309, 918.586, 920.1]

job_id: 32,	machine_id: 1,	op_id: 1,	op.startTime: 648.408,	op.RPT: 15.118
self.TimeStamp: [649.207, 651.951, 652.919, 663.526, 676.307, 678.676, 721.029, 751.889, 775.56, 789.189, 797.167, 828.52, 839.726, 855.458, 858.826, 887.309, 918.586, 920.1]

job_id: 36,	machine_id: 3,	op_id: 0,	op.startTime: 649.207,	op.RPT: 10.461
self.TimeStamp: [651.951, 652.919, 659.667, 663.526, 676.307, 678.676, 721.029, 751.889, 775.56, 789.189, 797.167, 828.52, 839.726, 855.458, 858.826, 887.309, 918.586, 920.1]

job_id: 37,	machine_id: 4,	op_id: 0,	op.startTime: 652.919,	op.RPT: 47.834
self.TimeStamp: [659.667, 663.526, 676.307, 678.676, 700.753, 721.029, 751.889, 775.56, 789.189, 797.167, 828.52, 839.726, 855.458, 858.826, 887.309, 918.586, 920.1]

job_id: 36,	machine_id: 3,	op_id: 1,	op.startTime: 659.667,	op.RPT: 38.982
self.TimeStamp: [663.526, 676.307, 678.676, 698.65, 700.753, 721.029, 751.889, 775.56, 789.189, 797.167, 828.52, 839.726, 855.458, 858.826, 887.309, 918.586, 920.1]

job_id: 33,	machine_id: 1,	op_id: 1,	op.startTime: 663.526,	op.RPT: 20.077
self.TimeStamp: [676.307, 678.676, 683.603, 698.65, 700.753, 721.029, 751.889, 775.56, 789.189, 797.167, 828.52, 839.726, 855.458, 858.826, 887.309, 918.586, 920.1]

job_id: 34,	machine_id: 2,	op_id: 2,	op.startTime: 676.307,	op.RPT: 45.172
self.TimeStamp: [678.676, 683.603, 698.65, 700.753, 721.029, 721.479, 751.889, 775.56, 789.189, 797.167, 828.52, 839.726, 855.458, 858.826, 887.309, 918.586, 920.1]

job_id: 35,	machine_id: 1,	op_id: 1,	op.startTime: 683.603,	op.RPT: 32.301
self.TimeStamp: [698.65, 700.753, 715.904, 721.029, 721.479, 751.889, 775.56, 789.189, 797.167, 828.52, 839.726, 855.458, 858.826, 887.309, 918.586, 920.1]

job_id: 37,	machine_id: 0,	op_id: 1,	op.startTime: 700.753,	op.RPT: 41.756
self.TimeStamp: [715.904, 721.029, 721.479, 742.509, 751.889, 775.56, 789.189, 797.167, 828.52, 839.726, 855.458, 858.826, 887.309, 918.586, 920.1]

job_id: 35,	machine_id: 4,	op_id: 2,	op.startTime: 715.904,	op.RPT: 13.796
self.TimeStamp: [721.029, 721.479, 729.7, 742.509, 751.889, 775.56, 789.189, 797.167, 828.52, 839.726, 855.458, 858.826, 887.309, 918.586, 920.1]

job_id: 38,	machine_id: 3,	op_id: 0,	op.startTime: 721.029,	op.RPT: 10.461
self.TimeStamp: [721.479, 729.7, 731.49, 742.509, 751.889, 775.56, 789.189, 797.167, 828.52, 839.726, 855.458, 858.826, 887.309, 918.586, 920.1]

job_id: 38,	machine_id: 1,	op_id: 1,	op.startTime: 731.49,	op.RPT: 35.516
self.TimeStamp: [742.509, 751.889, 767.005, 775.56, 789.189, 797.167, 828.52, 839.726, 855.458, 858.826, 887.309, 918.586, 920.1]

job_id: 39,	machine_id: 4,	op_id: 0,	op.startTime: 751.889,	op.RPT: 46.449
self.TimeStamp: [767.005, 775.56, 789.189, 797.167, 798.338, 828.52, 839.726, 855.458, 858.826, 887.309, 918.586, 920.1]

job_id: 40,	machine_id: 2,	op_id: 0,	op.startTime: 775.56,	op.RPT: 27.631
self.TimeStamp: [789.189, 797.167, 798.338, 803.191, 828.52, 839.726, 855.458, 858.826, 887.309, 918.586, 920.1]

job_id: 41,	machine_id: 0,	op_id: 0,	op.startTime: 789.189,	op.RPT: 35.391
self.TimeStamp: [797.167, 798.338, 803.191, 824.58, 828.52, 839.726, 855.458, 858.826, 887.309, 918.586, 920.1]

job_id: 42,	machine_id: 3,	op_id: 0,	op.startTime: 797.167,	op.RPT: 16.443
self.TimeStamp: [798.338, 803.191, 813.61, 824.58, 828.52, 839.726, 855.458, 858.826, 887.309, 918.586, 920.1]

job_id: 39,	machine_id: 1,	op_id: 1,	op.startTime: 798.338,	op.RPT: 15.118
self.TimeStamp: [803.191, 813.457, 813.61, 824.58, 828.52, 839.726, 855.458, 858.826, 887.309, 918.586, 920.1]

job_id: 40,	machine_id: 2,	op_id: 1,	op.startTime: 803.191,	op.RPT: 29.602
self.TimeStamp: [813.457, 813.61, 824.58, 828.52, 832.793, 839.726, 855.458, 858.826, 887.309, 918.586, 920.1]

job_id: 42,	machine_id: 4,	op_id: 1,	op.startTime: 813.61,	op.RPT: 41.446
self.TimeStamp: [824.58, 828.52, 832.793, 839.726, 855.057, 855.458, 858.826, 887.309, 918.586, 920.1]

job_id: 41,	machine_id: 1,	op_id: 1,	op.startTime: 824.58,	op.RPT: 15.118
self.TimeStamp: [828.52, 832.793, 839.698, 839.726, 855.057, 855.458, 858.826, 887.309, 918.586, 920.1]

job_id: 43,	machine_id: 3,	op_id: 0,	op.startTime: 828.52,	op.RPT: 48.536
self.TimeStamp: [832.793, 839.698, 839.726, 855.057, 855.458, 858.826, 877.055, 887.309, 918.586, 920.1]

job_id: 44,	machine_id: 0,	op_id: 0,	op.startTime: 839.726,	op.RPT: 35.391
self.TimeStamp: [855.057, 855.458, 858.826, 875.117, 877.055, 887.309, 918.586, 920.1]

job_id: 45,	machine_id: 2,	op_id: 0,	op.startTime: 855.458,	op.RPT: 27.631
self.TimeStamp: [858.826, 875.117, 877.055, 883.089, 887.309, 918.586, 920.1]

job_id: 46,	machine_id: 0,	op_id: 0,	op.startTime: 875.117,	op.RPT: 43.655
self.TimeStamp: [877.055, 883.089, 887.309, 918.586, 918.772, 920.1]

job_id: 43,	machine_id: 1,	op_id: 1,	op.startTime: 877.055,	op.RPT: 20.077
self.TimeStamp: [883.089, 887.309, 897.132, 918.586, 918.772, 920.1]

job_id: 44,	machine_id: 4,	op_id: 1,	op.startTime: 883.089,	op.RPT: 46.237
self.TimeStamp: [887.309, 897.132, 918.586, 918.772, 920.1, 929.326]

job_id: 45,	machine_id: 2,	op_id: 1,	op.startTime: 887.309,	op.RPT: 29.602
self.TimeStamp: [897.132, 916.912, 918.586, 918.772, 920.1, 929.326]

job_id: 48,	machine_id: 3,	op_id: 0,	op.startTime: 918.586,	op.RPT: 10.461
self.TimeStamp: [918.772, 920.1, 929.046, 929.326]

job_id: 47,	machine_id: 0,	op_id: 0,	op.startTime: 918.772,	op.RPT: 35.391
self.TimeStamp: [920.1, 929.046, 929.326, 954.163]

job_id: 46,	machine_id: 1,	op_id: 1,	op.startTime: 920.1,	op.RPT: 32.301
self.TimeStamp: [929.046, 929.326, 952.401, 954.163]

job_id: 48,	machine_id: 3,	op_id: 1,	op.startTime: 929.046,	op.RPT: 38.982
self.TimeStamp: [929.326, 952.401, 954.163, 968.029]

job_id: 49,	machine_id: 4,	op_id: 0,	op.startTime: 929.326,	op.RPT: 46.449
self.TimeStamp: [952.401, 954.163, 968.029, 975.775]

job_id: 46,	machine_id: 2,	op_id: 2,	op.startTime: 952.401,	op.RPT: 45.172
self.TimeStamp: [954.163, 968.029, 975.775, 997.573]

job_id: 47,	machine_id: 1,	op_id: 1,	op.startTime: 954.163,	op.RPT: 15.118
self.TimeStamp: [968.029, 969.281, 975.775, 997.573]

job_id: 49,	machine_id: 1,	op_id: 1,	op.startTime: 975.775,	op.RPT: 15.118
self.TimeStamp: [990.893, 997.573]

tardiness: 35.00027508801641
makespan: 997.5727786443734
